Reverting 331 historical remote migration history rows...
Connecting to remote database...
Repaired migration history: [20260304041720 20260306033709 20260310081618 20260310110345 20260311043024 20260311043032 20260312060807 20260312160708 20260312162417 20260313095032 20260313131121 20260313144650 20260313150132 20260315075139 20260315091211 20260315115002 20260315162816 20260316063902 20260317030430 20260317031721 20260317041730 20260317060604 20260317064006 20260317074803 20260317081113 20260318091003 20260318091006 20260318091009 20260318091012 20260318091035 20260318091058 20260318091101 20260318091103 20260318091104 20260318094946 20260318100402 20260319042427 20260319042525 20260319063651 20260319063656 20260319063659 20260319063836 20260319082541 20260319095403 20260320034830 20260320042513 20260320060706 20260320063148 20260320081208 20260321022410 20260323025209 20260323025230 20260323025252 20260323025320 20260323025407 20260323154257 20260324022103 20260324030123 20260324033850 20260324082324 20260324085431 20260324091255 20260324152953 20260324153131 20260325012601 20260325012627 20260325071416 20260325082041 20260325145608 20260325151517 20260325160538 20260325161057 20260326050609 20260326065754 20260326070045 20260326153917 20260327024704 20260327064532 20260327093715 20260327151611 20260327154757 20260328154341 20260329013826 20260329022626 20260329152120 20260330023536 20260330030051 20260330073712 20260330082126 20260330085125 20260330153632 20260330161213 20260330161301 20260402043534 20260408141100 20260408162733 20260409023846 20260409051106 20260409063602 20260409063612 20260409065334 20260409141821 20260409141838 20260409155146 20260426023708 20260426023716 20260427013525 20260427025118 20260428045730 20260428045922 20260428045951 20260428050156 20260428062131 20260428074709 20260428074743 20260428075123 20260429110000 20260430041237 20260430152251 20260430235724 20260430235740 20260501084303 20260502162715 20260502162818 20260504031118 20260504080205 20260504080207 20260504080217 20260504082201 20260504103552 20260505061527 20260505080941 20260515061557 20260516032332 20260516032429 20260516032450 20260516032503 20260516032511 20260516032538 20260516064952 20260516084123 20260516092200 20260517210827 20260518044750 20260518072838 20260518082904 20260519040705 20260519091714 20260519144202 20260519162803 20260520063142 20260520093252 20260520094452 20260520102712 20260520163019 20260520171906 20260521040913 20260523013129 20260523172345 20260525014520 20260525025135 20260525032000 20260525071126 20260525081603 20260526054234 20260526071747 20260526094914 20260526114500 20260526163617 20260528035326 20260528100710 20260529012407 20260529034043 20260529042522 20260529045336 20260529051004 20260529064304 20260531152647 20260531162631 20260601000000 20260601063835 20260601131140 20260601145945 20260601163254 20260602064617 20260602085356 20260603075418 20260603091453 20260603101500 20260603125201 20260603140604 20260603173000 20260604021807 20260604052426 20260604102048 20260604141228 20260604154029 20260605073729 20260605093032 20260605124756 20260605145231 20260606032105 20260606161932 20260607061254 20260607062603 20260607063200 20260607063800 20260607070000 20260608090051 20260608160239 20260608225000 20260609035008 20260609072720 20260609081016 20260610034848 20260610090000 20260610093000 20260611085228 20260611145532 20260612081016 20260612102000 20260612123000 20260612170040 20260612172035 20260613213752 20260614034307 20260614040449 20260614043018 20260614080845 20260614081753 20260614101632 20260614102352 20260614125920 20260614154216 20260615054451 20260615152138 20260615152451 20260615161131 20260616011335 20260616041109 20260616095318 20260616112000 20260617082721 20260617110908 20260618042953 20260618094158 20260618103000 20260618113000 20260619041142 20260619070146 20260620094800 20260620105815 20260620114940 20260620122832 20260620180700 20260621110523 20260621155549 20260621160000 20260621164740 20260622012714 20260622014021 20260622032500 20260622044405 20260622060837 20260622071738 20260622073626 20260622141309 20260622144836 20260623100155 20260623105831 20260623142715 20260624022228 20260624120135 20260625091414 20260625143315 20260625162147 20260625165710 20260625170702 20260626042434 20260626061058 20260626095622 20260627150423 20260627154150 20260629024332 20260629161756 20260630101000 20260630113000 20260630164644 20260704022201 20260704143800 20260705052919 20260705105612 20260705115421 20260705164502 20260707071817 20260708162411 20260708170426 20260709053843 20260709125303 20260709132405 20260709140532 20260712085923 20260712100053 20260712103000 20260712141706 20260713162403 20260713171218 20260714063446 20260714092103 20260715173948 20260716040851 20260716170338 20260716170745 20260717084356 20260717084903 20260717085909 20260717090703 20260717092007 20260717092508 20260717093122 20260718012151 20260718031842 20260718092455 20260718123119 20260718151157 20260718152445 20260718154050 20260718155122 20260718161857 20260719004803 20260719153519] => reverted
Finished supabase migration repair.
A new version of Supabase CLI is available: v2.109.1 (currently installed v2.95.6)
We recommend updating regularly for new features and bug fixes: https://supabase.com/docs/guides/cli/getting-started#updating-the-supabase-cli
Run supabase migration list to show the updated migration history.
Marking baseline 20260720095234 as applied...
Connecting to remote database...
Repaired migration history: [20260720095234] => applied
Finished supabase migration repair.
A new version of Supabase CLI is available: v2.109.1 (currently installed v2.95.6)
We recommend updating regularly for new features and bug fixes: https://supabase.com/docs/guides/cli/getting-started#updating-the-supabase-cli
Run supabase migration list to show the updated migration history.
Connecting to remote database...


   Local          | Remote         | Time (UTC)
  ----------------|----------------|---------------------
   20260720095234 | 20260720095234 | 2026-07-20 09:52:34
   20260720100000 |                | 2026-07-20 10:00:00

A new version of Supabase CLI is available: v2.109.1 (currently installed v2.95.6)
We recommend updating regularly for new features and bug fixes: https://supabase.com/docs/guides/cli/getting-started#updating-the-supabase-cli
